Sample_ID	SNLKPFERDISTEIY	VGYQPYRVVVLSFEL	YQPYRVVVLSFELLH	IADTTDAVRDPQTLE	DTTDAVRDPQTLEIL	TDAVRDPQTLEILDI	LTGIAVEQDKNTQEV	ILPDPSKPSKRSFIE	PDPSKPSKRSFIEDL	LNESLIDLQELGKYE	ESLIDLQELGKYEQY	VIKVCEFQFCNDPFL	CEFQFCNDPFLGVYY	NATRFASVYAWNRKR	EVPVAIHADQLTPTW	CLIGAEHVNNSYECD	LNRALTGIAVEQDKN	FPREGVFVSNGTHWF	LQPELDSFKEELDKY	KEIDRLNEVAKNLNE	SFNPETNILLNVPLH	ESELVIGAVILRGHL	EELKKLLEQWNLVIG	AIVLQLPQGTTLPKG	VLQLPQGTTLPKGFY	QLPQGTTLPKGFYAE	QGQTVTKKSAAEASK	QTVTKKSAAEASKKP	VTKKSAAEASKKPRQ	KKSAAEASKKPRQKR	AEASKKPRQKRTATK	TFPPTEPKKDKKKKA	VTLLPAADLDDFSKQ	EAGLPYGANKDGIIW	GNFGDQELIRQGTDY	KKADETQALPQRQKK	KQQTVTLLPAADLDD
N1	97	210	155	0	621	19.5	0	50.5	0	570	250	0	338.5	57	103	380	0	43	0	0	0	0	0	0	0	27.5	0	0	0	0	0	105.5	0	0	108.5	0	182
N2	90.5	32	24	0	0	40.5	0	0	19	53.5	95	28.5	184	64	17	88.5	0	0	61	0	0	51.5	0	0	0	23	0	0	0	237	0	505	0	0	421	0	0
N3	0	109.5	59.5	0	0	0	0	0	0	440	569	0	207	0	0	265.5	0	0	146	274.5	0	0	0	0	0	181	1140.5	1609.5	0	0	0	0	0	56.5	231.5	0	118.5
N4	113	0	162	130	118	0	0	212	137	178	194	44	85	0	146	117	0	110	113	114.5	59	105	98	0	0	119	0	0	0	0	72	0	0	274	162.5	0	0
N5	112.5	99.5	106	0	23	140.5	0	0	56.5	110.5	199	175.5	267.5	0	48	109.5	0	61.5	65	0	0	0	0	0	77	0	0	0	0	0	0	0	0	84	96.5	0	0
N6	722	108.5	82	775.5	0	0	13.5	0	0	243.5	348	0	466	235	0	247	0	0	306	0	348	0	0	0	0	0	0	0	0	0	0	0	185	0	367	0	0
I1	3791	885.5	700	3798	0	1056	1278	1913	135	3586	0	1379.5	366	0	469.5	85	2546	0	1767.5	0	470	0	0	0	0	0	929	559	0	2406.5	1531	1137.5	0	0	146.5	871	221
I2	0	485.5	246.5	85	759.5	2122.5	124.5	161	2064.5	523.5	1371	204	252.5	138	332.5	424	99	120.5	0	86.5	0	225	745.5	0	0	35	178	306.5	0	0	0	424.5	982.5	504	330.5	220	517
I3	568	79.5	76.5	0	51	299	26	251	225.5	418	848	0	299	93	216	370.5	0	0	275	401.5	33.5	958.5	348	0	0	93	0	95	0	784	530	603	88	393.5	215.5	151.5	0
I4	1464	663	1103	1116	10874	17501	9494	727	7022	1984.5	951	1056	1407	0	0	591	64519	933	0	0	0	18.5	783.5	64411	43255.5	35618	212.5	3648.5	3582	5673	1386.5	13140	12882	915.5	471.5	1050	2817
I5	245	110.5	147.5	0	0	83.5	0	0	37	236.5	366	89	416	0	49.5	236	161.5	245	274	14	72.5	0	0	13835.5	5447.5	3491.5	3240.5	1125	3119.5	1574.5	162.5	2515	1868	180	201	0	222
I6	267	328	182	1768	100	120	44.5	1257	248.5	4348.5	953.5	60.5	510.5	0	453	448	0	106.5	220.5	20876.5	0	194.5	241	3065	2012	2477.5	3259.5	1261	386.5	631.5	0	0	0	310.5	292	0	0
I7	1131	2133	1077.5	101.5	590.5	712.5	2391	605.5	703	108.5	771	325	413	0	0	249	464	0	260	0	0	0	0	0	0	0	1666.5	1980	969	989	0	0	0	29	511	42	41.5
I8	0	0	0	47	551.5	131.5	0	147.5	0	475	1587	86	190.5	0	497	232.5	108.5	0	1128.5	307	67	1223	2218.5	0	0	0	523.5	945.5	0	303	215.5	0	248	411	220	0	0
I9	143.5	37.5	0	0	35	58.5	8	189	544.5	43	127	0	113.5	0	0	247.5	0	57.5	63	0	0	0	0	0	14.5	0	1685	4897	846	392.5	43	0	0	20	112.5	0	0
