Sample_ID	SNLKPFERDISTEIY	VGYQPYRVVVLSFEL	YQPYRVVVLSFELLH	IADTTDAVRDPQTLE	DTTDAVRDPQTLEIL	TDAVRDPQTLEILDI	LTGIAVEQDKNTQEV	ILPDPSKPSKRSFIE	PDPSKPSKRSFIEDL	LNESLIDLQELGKYE	ESLIDLQELGKYEQY	VIKVCEFQFCNDPFL	CEFQFCNDPFLGVYY	NATRFASVYAWNRKR	EVPVAIHADQLTPTW	CLIGAEHVNNSYECD	LNRALTGIAVEQDKN	FPREGVFVSNGTHWF	LQPELDSFKEELDKY	KEIDRLNEVAKNLNE	SFNPETNILLNVPLH	ESELVIGAVILRGHL	EELKKLLEQWNLVIG	AIVLQLPQGTTLPKG	VLQLPQGTTLPKGFY	QLPQGTTLPKGFYAE	QGQTVTKKSAAEASK	QTVTKKSAAEASKKP	VTKKSAAEASKKPRQ	KKSAAEASKKPRQKR	AEASKKPRQKRTATK	TFPPTEPKKDKKKKA	VTLLPAADLDDFSKQ	EAGLPYGANKDGIIW	GNFGDQELIRQGTDY	KKADETQALPQRQKK	KQQTVTLLPAADLDD
N1	103.5	0	72	150	586.5	0	0	0	0	205	0	26	158	225.5	223	267	0	0	0	0	77.5	119	0	0	0	0	0	0	0	0	0	268	0	131.5	53.5	0	250
N2	52	0	0	13.5	0	0	0	0	0	0	148	57.5	189	125.5	39.5	161	0	9.5	0	0	0	254.5	0	0	0	0	0	0	0	68	0	0	0	28	558.5	0	0
N3	46.5	0	0	106	0	0	0	203	264.5	231.5	458	0	36.5	0	0	207.5	0	0	0	444.5	0	0	58	0	0	184.5	0	0	0	0	0	0	0	0	62	0	0
N4	0	0	0	165	204	0	0	413.5	114	261	367.5	134	406.5	0	227	148.5	0	207	65.5	175	0	94.5	179.5	0	0	79.5	0	0	0	0	0	0	0	168.5	226	0	78
N5	218	0	0	422.5	0	70	124	66	164.5	130.5	289	110	177	0	533	206.5	0	88	29	42.5	0	212.5	0	0	12.5	0	0	0	8	0	0	0	0	140	48.5	0	100.5
N6	0	0	222	0	0	555	0	0	9	300	691.5	166.5	978	218.5	205	558	295.5	0	92.5	197.5	430.5	0	0	0	0	0	1116	0	0	0	0	921	0	0	421.5	0	276.5
I1	1051	0	173.5	104.5	0	231	8335	0	0	270	424	187	557.5	968.5	582.5	974.5	38547	0	1791.5	0	1631	0	0	1131.5	0	0	170.5	0	0	2622	1418	1209.5	0	98	458.5	1563	1997.5
I2	296	904	1113	0	0	743	134.5	0	0	4806.5	3828	1019.5	1256	1064	1418.5	584	102.5	735	1660.5	0	0	2606	2047	0	0	0	0	0	0	0	0	1109.5	0	1654	841.5	1085	158.5
I3	285.5	6	230	0	452	419.5	0	776	179.5	435	932	0	524	139	640	575.5	550.5	76	229	763.5	114	1151	1600.5	0	0	195	73	194	0	765	534	816	0	376	279	249	516
I4	1265.5	397	2046	3118.5	3788	4696	6927	0	0	3958.5	1197	2501.5	3520	1387.5	0	1056.5	40812.5	3371	0	0	900	0	0	33140	10406.5	12752	6481	7003	1291.5	10400.5	1206	23094	10557.5	20964	251.5	2907	18677
I5	0	0	512.5	0	0	0	0	0	0	628	1139	370.5	1529	0	0	420	794.5	591.5	571	37	750.5	0	29.5	4020.5	979.5	0	599	0	1352.5	1358	286.5	655	288	579	578.5	0	139.5
I6	53.5	0	49.5	43.5	0	0	0	82	95	306	370.5	74	304	0	75.5	179	0	0	135.5	1476	0	239	103.5	0	0	269	243.5	0	0	0	0	0	0	99	69	26	11
I7	128.5	341	271	0	0	0	673.5	0	39	0	346	304	839.5	0	0	212	8308	0	289	0	0	0	0	0	0	0	0	80.5	0	0	0	0	0	102	331.5	0	0
I8	0	0	0	0	2058	91.5	0	187.5	111.5	293.5	462.5	172.5	445	0	208.5	854	859	0	0	949	79	502	274	0	0	114.5	0	0	0	0	0	0	0	158.5	571	0	0
I9	101.5	4.5	44	0	103.5	165.5	74.5	485	1255	0	378	697.5	537.5	111	125	880	0	125	541	58	0	18.5	0	0	18	0	0	806	0	456	205	0	0	0	409	404.5	176.5
