	baseMean	log2FoldChange	lfcSE	stat	pvalue	padj
SNLKPFERDISTEIY	541.340369669588	1.71739020687581	1.53939671885263	1.11562548227064	0.264582479768444	0.571153973224431
VGYQPYRVVVLSFEL	182.245757287187	1.7296941564366	1.04782667328601	1.65074453679656	0.0987907495812921	0.383912305852048
YQPYRVVVLSFELLH	221.242279814163	0.468195426033647	1.11674887182018	0.419248622360853	0.67503444067381	0.838523110634136
IADTTDAVRDPQTLE	438.296638487163	3.07840677857082	2.11696740655812	1.4541587976434	0.145902285232552	0.383912305852048
DTTDAVRDPQTLEIL	374.494488722033	1.58433127469915	1.73947588049262	0.910809567678782	0.362395720426438	0.642428777119594
TDAVRDPQTLEILDI	623.183142721181	3.26916974883517	1.53266773164073	2.13299313435372	0.0329252894126069	0.203216456614163
LTGIAVEQDKNTQEV	417.524683260174	1.69781318245356	2.23436101241296	0.759865202185942	0.447335163696349	0.726919641006567
ILPDPSKPSKRSFIE	327.498154353743	1.71582649533208	1.58250255404259	1.08424880007233	0.278254499776005	0.571153973224431
PDPSKPSKRSFIEDL	414.908367968989	1.40088315616423	1.65806927864486	0.84488819267502	0.398173267453359	0.675163366551348
LNESLIDLQELGKYE	689.895508175954	2.30866210688855	0.895476322938086	2.5781386372269	0.0099334135555658	0.122412306531262
ESLIDLQELGKYEQY	496.961800939737	-0.0620913810113031	1.04593904365511	-0.0593642443964234	0.952661991649754	0.96873856711039
VIKVCEFQFCNDPFL	200.207156629913	1.82541134019541	1.59207642663896	1.14656012089133	0.251563466223301	0.571153973224431
CEFQFCNDPFLGVYY	314.780043891808	0.115400327278021	0.507445176769229	0.227414374125585	0.820101544144344	0.913827434903697
NATRFASVYAWNRKR	35.7020805708322	-0.391641810246273	2.94778509621225	-0.132859688703058	0.8943043479569	0.942645123522138
EVPVAIHADQLTPTW	151.42489345541	0.882012623265359	1.68162073795936	0.52450151413789	0.599929766957725	0.838523110634136
CLIGAEHVNNSYECD	251.876488284091	-0.192464252017173	0.499275124786948	-0.385487364505295	0.699876366197547	0.838523110634136
LNRALTGIAVEQDKN	1472.00917057905	6.04941368329413	2.89224888647713	2.09159512916696	0.0364747486230549	0.203216456614163
FPREGVFVSNGTHWF	79.4528603861152	0.934457111232921	2.29449150568364	0.407261089839817	0.683816237595115	0.838523110634136
LQPELDSFKEELDKY	334.051725685744	0.734201463005368	1.37101175160003	0.535517994027784	0.592291718257451	0.838523110634136
KEIDRLNEVAKNLNE	844.452496334409	4.48271147067137	2.49863339250555	1.79406530150317	0.0728027465388243	0.315478568334905
SGSGMADSNGTITVE	613.497795688617	4.31856467648129	2.94567578547615	1.46606924556133	0.142629423168444	0.383912305852048
SGMADSNGTITVEEL	306.172241808985	-0.108482819758929	2.76809497087582	-0.039190425509355	0.96873856711039	0.96873856711039
SFNPETNILLNVPLH	72.4715759831451	1.05616050447193	2.83531940706749	0.372501419712814	0.709519555151961	0.838523110634136
ESELVIGAVILRGHL	100.408258685072	2.26297288180178	2.41943074257183	0.935332779724976	0.349616827194102	0.642428777119594
EELKKLLEQWNLVIG	243.215673487569	-0.461291876623503	2.94529308457344	-0.156620025028956	0.875544319626191	0.942645123522138
AIVLQLPQGTTLPKG	2319.1794884522	29.3315183997021	3.02237413538562	9.70479400822416	2.87656766964314e-22	1.12186139116083e-20
VLQLPQGTTLPKGFY	1298.4775752366	7.14666711650721	2.94734615479709	2.42478037568655	0.0153176502447337	0.122412306531262
QLPQGTTLPKGFYAE	1056.86248304946	5.60159359343733	2.09799904536701	2.66996956257309	0.00758581230932006	0.122412306531262
QGQTVTKKSAAEASK	881.696319415884	0.505184269810706	2.15637736959618	0.234274518427779	0.8147718668639	0.913827434903697
QTVTKKSAAEASKKP	1273.06241239506	-1.40140979667327	2.10468484876642	-0.665852561011522	0.505505345064162	0.788588338300093
VTKKSAAEASKKPRQ	483.946669688993	1.32282445560748	2.86063007101448	0.462424159282628	0.643777177538671	0.838523110634136
KKSAAEASKKPRQKR	636.038574959537	2.08067129753452	2.00795896943923	1.03621205871333	0.300103222265415	0.58520128341756
AEASKKPRQKRTATK	215.162910272205	3.16269130040434	2.51780541163554	1.25613015437515	0.209068784891298	0.50960516317254
TFPPTEPKKDKKKKA	644.13299735718	3.52125331728502	2.36757815085429	1.48728071173255	0.136940686624809	0.383912305852048
VTLLPAADLDDFSKQ	454.889048595597	4.60605269153612	2.42086841133887	1.90264479885081	0.0570869093753104	0.278298683204638
EAGLPYGANKDGIIW	174.107070748068	0.643564080753803	1.46429549307011	0.439504242005469	0.66029620899722	0.838523110634136
GNFGDQELIRQGTDY	265.194054313852	-0.8082668381945	0.55825257240499	-1.44785152482582	0.147658579173865	0.383912305852048
KKADETQALPQRQKK	106.557475296284	6.07687185186152	2.51530559191361	2.41595767583784	0.0156938854527259	0.122412306531262
KQQTVTLLPAADLDD	128.249866220046	3.14434131480095	2.14633072470301	1.46498453319026	0.142925137622633	0.383912305852048
