	baseMean	log2FoldChange	lfcSE	stat	pvalue	padj
SNLKPFERDISTEIY	189.228669892583	0.758667295448561	1.68246559860217	0.450925888813941	0.652042963969592	0.754384348862095
VGYQPYRVVVLSFEL	49.1475171201971	1.50357810807645	2.94779817146339	0.510068200269635	0.61000368262487	0.754384348862095
YQPYRVVVLSFELLH	156.302481870794	2.23458779733946	1.71637755190616	1.30192089430312	0.192943429005492	0.477120431247953
IADTTDAVRDPQTLE	231.304881650728	-0.169879300821049	2.3637926465453	-0.0718672600447118	0.942707545351899	0.959255878070476
DTTDAVRDPQTLEIL	314.562073205471	-0.134392688341247	2.63064267178369	-0.0510873976852671	0.959255878070476	0.959255878070476
TDAVRDPQTLEILDI	208.681233307372	2.52448101718369	2.16139156886673	1.16798874093292	0.242811306478959	0.477120431247953
LTGIAVEQDKNTQEV	527.934688928745	3.60972728101142	2.94559597024576	1.22546585393049	0.220399747903076	0.477120431247953
ILPDPSKPSKRSFIE	178.883853429001	-0.498829242743936	2.51718985670234	-0.198169097740379	0.842912764428484	0.945084008601633
PDPSKPSKRSFIEDL	187.005225771617	-2.16539402513105	2.10591285282284	-1.02824484034488	0.303834670607338	0.488777513585718
LNESLIDLQELGKYE	475.190622582083	1.51017018674765	1.31957747578725	1.14443465007364	0.252443425116515	0.477120431247953
ESLIDLQELGKYEQY	573.986290610338	0.498662689851458	0.905456909360758	0.550730448568235	0.581818468550684	0.754384348862095
VIKVCEFQFCNDPFL	211.940672386069	0.796886354416531	1.22706150213815	0.649426579701146	0.516062688441935	0.754384348862095
CEFQFCNDPFLGVYY	500.637883070012	0.629961588041524	0.550040145175764	1.14530110859494	0.252084446915488	0.477120431247953
NATRFASVYAWNRKR	179.699844395331	1.00020956362193	2.22084029778809	0.450374376139569	0.652440517934785	0.754384348862095
EVPVAIHADQLTPTW	282.877790559373	-0.196154775969679	1.67013232519875	-0.117448643445863	0.906504538876181	0.959255878070476
CLIGAEHVNNSYECD	419.074596399563	-0.311564102883218	0.589479502499527	-0.5285410290979	0.597123877863002	0.754384348862095
LNRALTGIAVEQDKN	2877.66008725498	3.0269184154637	2.67777201395727	1.13038690362233	0.258313230111077	0.477120431247953
FPREGVFVSNGTHWF	158.968653808119	2.2769509751985	2.21122230248898	1.02972504059657	0.30313909736712	0.488777513585718
LQPELDSFKEELDKY	203.441256714123	2.21801772182853	1.75444656381717	1.26422643332195	0.206148765800666	0.477120431247953
KEIDRLNEVAKNLNE	434.564548610245	1.13415881211691	2.00362411924137	0.566053683036286	0.571357287807108	0.754384348862095
SFNPETNILLNVPLH	142.458549107698	2.24430011737341	2.39855353756912	0.935688981805243	0.349433345197103	0.5387097405122
ESELVIGAVILRGHL	289.31393022171	1.00888850573822	2.05326425861666	0.491358334176594	0.623173028065867	0.754384348862095
EELKKLLEQWNLVIG	197.058459332788	2.6886260823706	2.44148323297271	1.10122651921593	0.27079808260019	0.477120431247953
AIVLQLPQGTTLPKG	962.071821159332	28.2756048725128	2.92355282205379	9.67165862686525	3.9787662181706e-22	1.47214350072312e-20
VLQLPQGTTLPKGFY	284.187386957353	7.24118402125058	2.86914141346507	2.5238156569304	0.01160887862393	0.132231253074847
QLPQGTTLPKGFYAE	419.013081250436	3.22240668213829	2.46804457048514	1.30565173768514	0.191671017414706	0.477120431247953
QGQTVTKKSAAEASK	263.686809313025	2.93015893009693	2.60837054067096	1.12336759076538	0.261281408316747	0.477120431247953
QTVTKKSAAEASKKP	186.408767086568	5.96059328947816	2.95406760472926	2.0177579145229	0.0436164799251278	0.253220352296133
VTKKSAAEASKKPRQ	71.1895933931621	6.27256241764379	2.97403495992526	2.1091085014688	0.034935217212522	0.253220352296133
KKSAAEASKKPRQKR	459.74563241426	4.47001688380744	2.91952147418276	1.53107861111339	0.125749965316503	0.449867770341944
AEASKKPRQKRTATK	127.758928637751	4.44058386220137	2.77905407490601	1.59787601914567	0.110070572044579	0.449867770341944
TFPPTEPKKDKKKKA	787.663172727667	3.57781080389487	2.38600562768643	1.49949805749791	0.133744472263821	0.449867770341944
VTLLPAADLDDFSKQ	265.476822696235	26.5309117946231	3.02243470547569	8.77799336626116	1.66417086553264e-18	3.07871610123539e-17
EAGLPYGANKDGIIW	684.66450617032	3.56649832182298	1.45585807754293	2.44975686630265	0.0142952706026862	0.132231253074847
GNFGDQELIRQGTDY	220.175997309876	-0.0623123770983486	0.606594199401895	-0.10272498015937	0.918181247221595	0.959255878070476
KKADETQALPQRQKK	187.844410904056	3.98716664102348	2.52679726591812	1.57795272885683	0.114576469995448	0.449867770341944
KQQTVTLLPAADLDD	656.056394727049	3.24454319439898	1.64015219703574	1.97819641388335	0.0479065531371062	0.253220352296133
